232.63495256784856
249.30792450101657
259.2415029217577
240.8010514047024
268.31508396507195
253.09088954690645
251.02560543814812
250.07544030744143
277.9146712148405
262.2075938749658
149.96208962903253
272.1171139292841
268.17087406497717
258.7488435218297
240.68968610251036
267.1610543915107
155.58621912014206
262.7741924865735
201.73653189477994
285.83104958959626
277.4252966779941
226.43515487984496
260.19363870445375
264.93435273616484
265.0272904738744
267.3702278228836
282.1266898262822
290.1720122100294
112.23346447026293
272.57148491430047
281.1471179258685
234.18708557209473
269.29047572998934
148.18051824663715
268.2996264566269
211.60959478971125
281.38089458678314
275.7081030719083
249.58240363738332
243.09301287079106
277.8845476558312
232.99142181158194
288.29800926372116
233.336755885156
259.57938632492926
281.09209316125555
262.621456400797
264.05032290436054
230.38223112899377
238.99976566195508
238.35203255902138
236.30495996650868
253.7897287963622
286.12192140156196
232.21493347564328
127.99844210482487
250.46908940271413
255.92931694792418
272.244893377659
277.7362356412646
225.23267700402147
261.08370710786
252.05097648638414
258.7871558583173
163.52640407493433
250.24301488453779
253.1910320747818
265.491249932261
273.28870160188285
243.91575453801556
263.7216992341589
261.56306955829643
282.9511422291246
245.05679984620878
246.70666792026654
284.49862787409336
234.66419088349528
131.29854704592992
272.46229807478693
246.04373353181754
274.06220748140845
150.54416917100966
263.8856134415918
228.00020755749503
235.52118506212045
132.82777774331427
258.6407030163342
270.19046270985143
224.20973580155743
238.78453963322892
249.89925627405847
142.95730913797422
244.75449605216087
254.23920772092683
235.1723071631914
247.92267226635062
258.70352480801444
239.62120891356602
238.80659911753034
268.7493877966854
